4294967293,131
4294967293,130
4294967293,129
4294967293,128
4294967293,127
4294967293,126
4294967293,125
4294967293,124
4294967293,123
4294967293,122
4294967293,121
4294967293,120
4294967293,119
4294967293,118
4294967293,117
4294967293,116
4294967293,115
4294967293,114
4294967293,113
4294967293,112
4294967293,111
4294967293,110
4294967293,109
4294967293,108
4294967293,107
4294967293,106
4294967293,105
4294967293,104
4294967293,103
4294967293,102
4294967293,101
4294967293,100
4294967293,99
4294967293,98
4294967293,97
4294967293,96
4294967293,95
4294967293,94
4294967293,93
4294967293,92
4294967293,91
4294967293,90
4294967293,89
4294967293,87
4294967293,86
4294967293,85
4294967293,84
4294967293,83
4294967293,82
4294967293,81
4294967293,80
4294967293,79
4294967293,78
4294967293,77
4294967293,76
4294967293,75
4294967293,74
4294967293,73
4294967293,72
4294967293,71
4294967293,70
4294967293,69
4294967293,68
4294967293,67
4294967293,66
4294967293,65
4294967293,64
4294967293,63
4294967293,62
4294967293,61
4294967293,60
4294967293,59
4294967293,58
4294967293,57
4294967293,56
4294967293,55
4294967293,54
4294967293,53
4294967293,52
4294967293,51
4294967293,50
4294967293,49
4294967293,48
4294967293,47
4294967293,46
4294967293,45
4294967293,44
4294967293,43
4294967293,42
4294967293,41
4294967293,40
4294967293,39
4294967293,38
4294967293,37
4294967293,36
4294967293,35
4294967293,34
4294967293,33
4294967293,32
4294967293,31
4294967293,30
4294967293,29
4294967293,28
4294967293,27
4294967293,26
4294967293,25
4294967293,24
4294967293,23
4294967293,22
4294967293,21
4294967293,20
4294967293,19
4294967293,18
4294967293,17
4294967293,16
4294967293,15
4294967293,14
4294967293,13
4294967293,12
4294967293,11
4294967293,10
4294967293,9
4294967293,8
4294967293,7
4294967293,6
4294967293,5
4294967293,4
4294967293,3
4294967278,132
4294967278,130
4294967278,129
4294967278,126
4294967278,125
4294967278,124
4294967278,120
4294967278,114
4294967278,233
4294967278,111
4294967278,104
4294967278,88
4294967278,2
4294967278,313
4294967278,99
4294967278,98
4294967278,93
4294967278,92
4294967278,91
4294967278,90
4294967278,89
4294967278,360
4294967278,87
4294967278,350
4294967278,86
4294967278,339
4294967278,85
4294967278,403
4294967278,84
4294967278,83
4294967278,307
4294967278,82
4294967278,81
4294967278,80
4294967278,79
4294967278,78
4294967278,77
4294967278,73
4294967278,67
4294967278,57
4294967278,56
4294967278,55
4294967278,297
4294967278,54
4294967278,53
4294967278,342
4294967278,52
4294967278,51
4294967278,50
4294967278,49
4294967278,340
4294967278,48
4294967278,47
4294967278,46
4294967278,45
4294967278,43
4294967278,42
4294967278,41
4294967278,40
4294967278,39
4294967278,38
4294967278,291
4294967278,37
4294967278,36
4294967278,35
4294967278,34
4294967278,33
4294967278,365
4294967278,32
4294967278,31
4294967278,30
4294967278,29
4294967278,28
4294967278,27
4294967278,26
4294967278,25
4294967278,24
4294967278,23
4294967278,22
4294967278,21
4294967278,20
4294967278,19
4294967278,18
4294967278,17
4294967278,16
4294967278,15
4294967279,475
4294967279,474
4294967279,473
4294967279,466
4294967279,73
4294967279,68
4294967279,67
4294967279,419
4294967279,63
4294967279,62
4294967279,410
4294967279,417
4294967279,58
4294967279,403
4294967279,57
4294967279,56
4294967279,55
4294967279,53
4294967279,52
4294967279,51
4294967279,50
4294967279,299
4294967279,49
4294967279,48
4294967279,47
4294967279,472
4294967279,46
4294967279,45
4294967279,396
4294967279,43
4294967279,42
4294967279,395
4294967279,41
4294967279,37
4294967279,36
4294967279,33
4294967279,32
4294967279,27
4294967279,26
4294967279,22
4294967279,21
4294967279,16
4294967279,12
4294967279,11
4294967279,7
4294967279,6
4294967279,174
4294967279,0
4294967279,260
4294967294,5
4294967294,1428
4294967294,1581
4294967294,1580
4294967294,1579
4294967294,1627
4294967294,1423
4294967294,909
4294967294,473
4294967294,978
4294967294,8
4294967294,104
4294967278,348
4294967278,304
4294967279,307
4294967278,405
4294967278,299
4294967279,303
4294967278,298
4294967279,302
4294967279,300
4294967279,400
4294967278,338
4294967279,471
4294967279,467
4294967279,431
4294967279,416
4294967279,293
4294967279,138
4294967279,392
4294967279,282
4294967279,389
4294967278,255
4294967294,46
4294967294,434
4294967294,1438
4294967294,1439
4294967294,952
4294967294,925
4294967294,1676
4294967294,24
4294967294,923
4294967294,1677
4294967294,1425
4294967294,1318
4294967294,1440
4294967294,106
4294967294,107
4294967294,744
4294967294,743
4294967294,742
4294967294,741
4294967294,739
4294967294,738
4294967294,736
4294967294,734
4294967294,733
4294967294,731
4294967294,727
4294967294,726
4294967294,725
4294967294,723
4294967294,719
4294967294,717
4294967294,467
4294967294,715
4294967294,711
4294967294,709
4294967294,705
4294967294,702
4294967294,701
4294967294,1429
4294967294,153
4294967294,693
4294967294,691
4294967294,689
4294967294,688
4294967294,686
4294967294,685
4294967294,684
4294967294,682
4294967294,678
4294967294,677
4294967294,676
4294967294,674
4294967294,671
4294967294,670
4294967294,495
4294967294,1431
4294967294,666
4294967294,662
4294967294,660
4294967294,659
4294967294,150
4294967294,656
4294967294,654
4294967294,652
4294967294,1426
4294967294,651
4294967294,649
4294967294,648
4294967294,647
4294967294,645
4294967294,644
4294967294,788
4294967294,643
4294967294,1142
4294967294,641
4294967294,640
4294967294,639
4294967294,2
4294967294,1
4294967294,1670
4294967294,638
4294967294,637
4294967294,1127
4294967294,636
4294967294,1578
4294967294,634
4294967294,633
4294967294,631
4294967294,1577
4294967294,1114
4294967294,630
4294967294,629
4294967294,628
4294967294,99
4294967294,627
4294967294,92
4294967294,91
4294967294,90
4294967294,88
4294967294,87
4294967294,86
4294967294,85
4294967294,902
4294967294,626
4294967294,83
4294967294,624
4294967294,623
4294967294,621
4294967294,620
4294967294,51
4294967294,617
4294967294,26
4294967294,1576
4294967294,614
4294967294,613
4294967294,29
4294967294,611
4294967294,28
4294967294,27
4294967294,610
4294967294,25
4294967294,53
4294967294,607
1,0
4294967294,52
4294967294,3
4294967294,604
4294967294,44
4294967294,43
4294967294,82
4294967294,602
4294967294,601
4294967294,598
4294967294,594
4294967294,593
4294967294,785
4294967294,155
4294967294,591
4294967294,147
4294967294,1575
4294967294,588
4294967294,586
4294967294,584
4294967294,582
4294967294,1574
4294967294,579
4294967294,143
4294967294,578
4294967294,577
4294967294,828
4294967294,319
4294967294,318
4294967294,317
4294967294,315
4294967294,314
4294967294,1671
4294967294,313
4294967294,311
4294967294,310
4294967294,308
4294967294,1435
4294967294,306
4294967294,304
4294967294,303
4294967294,1090
4294967294,301
4294967294,1408
4294967294,1573
4294967294,811
4294967294,1091
4294967294,299
4294967294,298
4294967294,1420
4294967294,296
4294967294,295
4294967294,1570
4294967294,294
4294967294,293
4294967294,291
4294967294,288
4294967294,1569
4294967294,287
4294967294,1147
4294967294,286
4294967294,393
4294967294,278
4294967294,1572
4294967294,276
4294967294,275
4294967294,274
4294967294,272
4294967294,1132
4294967294,270
4294967294,268
4294967294,1568
4294967294,267
4294967294,265
4294967294,262
4294967294,261
4294967294,259
4294967294,258
4294967294,1571
4294967294,254
4294967294,250
4294967294,794
4294967294,249
4294967294,248
4294967294,135
4294967294,1567
4294967294,245
4294967294,243
4294967294,240
4294967294,238
4294967294,236
4294967294,235
4294967294,233
4294967294,231
4294967294,227
4294967294,1141
4294967294,129
4294967294,1669
4294967294,218
4294967294,217
4294967294,216
4294967294,215
4294967294,210
4294967294,205
4294967294,203
4294967294,201
4294967294,445
4294967294,200
4294967294,125
4294967294,198
4294967294,197
4294967294,196
4294967294,194
4294967294,193
4294967294,192
4294967294,795
4294967294,571
4294967294,569
4294967294,568
4294967294,566
4294967294,565
4294967294,562
4294967294,982
4294967294,84
4294967294,560
4294967294,575
4294967294,0
4294967294,775
4294967294,156
4294967294,556
4294967294,564
4294967294,551
4294967294,550
4294967294,144
4294967294,130
4294967294,142
4294967294,547
4294967294,141
4294967294,154
4294967294,543
4294967294,152
4294967294,540
4294967294,148
4294967294,139
4294967294,131
4294967294,151
4294967294,574
4294967294,539
4294967294,140
4294967294,622
4294967294,128
4294967294,70
4294967294,146
4294967294,72
4294967294,619
4294967294,137
4294967294,71
4294967278,249
4294967278,334
4294967278,320
4294967278,402
4294967279,465
4294967279,405
4294967278,302
4294967279,294
4294967294,1443
4294967294,1566
4294967294,1668
4294967294,1565
4294967294,1564
4294967294,1563
4294967294,1561
4294967294,1562
4294967294,1666
4294967294,1560
4294967294,1665
4294967294,1558
4294967294,1557
4294967294,395
4294967294,914
4294967294,1418
4294967294,1664
4294967294,1419
4294967294,1614
4294967294,1424
4294967294,1470
4294967294,519
4294967294,810
4294967294,1140
4294967294,1602
4294967294,1603
4294967294,1139
4294967294,455
4294967294,1626
4294967294,1457
4294967294,1667
4294967294,1093
4294967294,1608
4294967294,786
4294967294,1623
4294967294,1621
4294967294,444
4294967294,1444
4294967294,1617
4294967294,1615
4294967294,1616
4294967294,1445
4294967294,1679
4294967294,1137
4294967294,1609
4294967294,514
4294967294,1471
4294967294,1410
4294967294,1622
4294967294,1131
4294967294,1604
4294967294,392
4294967294,537
4294967294,1465
4294967294,1600
4294967294,1605
4294967294,905
4294967294,1448
4294967294,1458
4294967294,536
4294967294,1620
4294967294,529
4294967294,431
4294967294,370
4294967294,369
4294967294,368
4294967294,367
4294967294,366
4294967294,364
4294967294,365
4294967294,363
4294967294,362
4294967294,361
4294967294,360
4294967294,359
4294967294,358
4294967294,357
4294967294,356
4294967294,355
4294967294,354
4294967294,973
4294967294,972
4294967294,970
